**********Nand*******
-1 0 0 
-1 1 0 
-1 0 1 
1 -1 -1 
*****NOR****
-1 0 0 
1 -1 0 
1 0 -1 
1 -1 -1 
*****XOR****
1 0 0 
-1 1 0 
-1 0 1 
1 -1 -1 
*********Palindrome******
-1 0 0 0 0 0 
1 -1 0 0 0 0 
1 0 -1 0 0 0 
1 -1 -1 0 0 0 
-1 0 0 1 0 0 
1 -1 0 -1 0 0 
1 0 -1 -1 0 0 
1 -1 -1 -1 0 0 
1 0 0 0 -1 0 
1 -1 0 0 -1 0 
-1 0 1 0 1 0 
1 -1 -1 0 -1 0 
1 0 0 -1 -1 0 
1 -1 0 -1 -1 0 
-1 0 1 1 1 0 
1 -1 -1 -1 -1 0 
1 0 0 0 0 -1 
-1 1 0 0 0 1 
1 0 -1 0 0 -1 
1 -1 -1 0 0 -1 
1 0 0 -1 0 -1 
-1 1 0 1 0 1 
1 0 -1 -1 0 -1 
1 -1 -1 -1 0 -1 
1 0 0 0 -1 -1 
1 -1 0 0 -1 -1 
1 0 -1 0 -1 -1 
-1 1 1 0 1 1 
1 0 0 -1 -1 -1 
1 -1 0 -1 -1 -1 
1 0 -1 -1 -1 -1 
-1 1 1 1 1 1 
*********5 Majority******
1 0 0 0 0 0 
1 -1 0 0 0 0 
1 0 -1 0 0 0 
1 -1 -1 0 0 0 
1 0 0 -1 0 0 
1 -1 0 -1 0 0 
1 0 -1 -1 0 0 
-1 1 1 1 0 0 
1 0 0 0 -1 0 
1 -1 0 0 -1 0 
1 0 -1 0 -1 0 
-1 1 1 0 1 0 
1 0 0 -1 -1 0 
-1 1 0 1 1 0 
-1 0 1 1 1 0 
-1 1 1 1 1 0 
1 0 0 0 0 -1 
1 -1 0 0 0 -1 
1 0 -1 0 0 -1 
-1 1 1 0 0 1 
1 0 0 -1 0 -1 
-1 1 0 1 0 1 
-1 0 1 1 0 1 
-1 1 1 1 0 1 
1 0 0 0 -1 -1 
-1 1 0 0 1 1 
-1 0 1 0 1 1 
-1 1 1 0 1 1 
-1 0 0 1 1 1 
-1 1 0 1 1 1 
-1 0 1 1 1 1 
-1 1 1 1 1 1 
*********Parity******
-1 0 0 0 0 0 0 
1 -1 0 0 0 0 0 
1 0 -1 0 0 0 0 
-1 1 1 0 0 0 0 
1 0 0 -1 0 0 0 
-1 1 0 1 0 0 0 
-1 0 1 1 0 0 0 
1 -1 -1 -1 0 0 0 
1 0 0 0 -1 0 0 
-1 1 0 0 1 0 0 
-1 0 1 0 1 0 0 
1 -1 -1 0 -1 0 0 
-1 0 0 1 1 0 0 
1 -1 0 -1 -1 0 0 
1 0 -1 -1 -1 0 0 
-1 1 1 1 1 0 0 
1 0 0 0 0 -1 0 
-1 1 0 0 0 1 0 
-1 0 1 0 0 1 0 
1 -1 -1 0 0 -1 0 
-1 0 0 1 0 1 0 
1 -1 0 -1 0 -1 0 
1 0 -1 -1 0 -1 0 
-1 1 1 1 0 1 0 
-1 0 0 0 1 1 0 
1 -1 0 0 -1 -1 0 
1 0 -1 0 -1 -1 0 
-1 1 1 0 1 1 0 
1 0 0 -1 -1 -1 0 
-1 1 0 1 1 1 0 
-1 0 1 1 1 1 0 
1 -1 -1 -1 -1 -1 0 
1 0 0 0 0 0 -1 
-1 1 0 0 0 0 1 
-1 0 1 0 0 0 1 
1 -1 -1 0 0 0 -1 
-1 0 0 1 0 0 1 
1 -1 0 -1 0 0 -1 
1 0 -1 -1 0 0 -1 
-1 1 1 1 0 0 1 
-1 0 0 0 1 0 1 
1 -1 0 0 -1 0 -1 
1 0 -1 0 -1 0 -1 
-1 1 1 0 1 0 1 
1 0 0 -1 -1 0 -1 
-1 1 0 1 1 0 1 
-1 0 1 1 1 0 1 
1 -1 -1 -1 -1 0 -1 
-1 0 0 0 0 1 1 
1 -1 0 0 0 -1 -1 
1 0 -1 0 0 -1 -1 
-1 1 1 0 0 1 1 
1 0 0 -1 0 -1 -1 
-1 1 0 1 0 1 1 
-1 0 1 1 0 1 1 
1 -1 -1 -1 0 -1 -1 
1 0 0 0 -1 -1 -1 
-1 1 0 0 1 1 1 
-1 0 1 0 1 1 1 
1 -1 -1 0 -1 -1 -1 
-1 0 0 1 1 1 1 
1 -1 0 -1 -1 -1 -1 
1 0 -1 -1 -1 -1 -1 
-1 1 1 1 1 1 1 
